map = [255,255,255;
253,255,255;
251,255,255;
249,255,255;
247,255,255;
245,255,255;
243,255,255;
241,255,255;
239,255,255;
236,255,255;
234,255,255;
232,255,255;
230,255,255;
228,255,255;
226,255,255;
224,255,255;
222,255,255;
220,255,255;
218,255,255;
216,255,255;
214,255,255;
212,255,255;
210,255,255;
208,255,255;
206,255,255;
203,255,255;
201,255,255;
199,255,255;
197,255,255;
195,255,255;
193,255,255;
191,255,255;
189,255,255;
187,255,255;
185,255,255;
183,255,255;
181,255,255;
179,255,255;
177,255,255;
175,255,255;
173,255,255;
171,255,255;
168,255,255;
166,255,255;
164,255,255;
162,255,255;
160,255,255;
158,255,255;
156,255,255;
154,255,255;
152,255,255;
150,255,255;
148,255,255;
146,255,255;
144,255,255;
142,255,255;
140,255,255;
138,255,255;
135,255,255;
133,255,255;
131,255,255;
129,255,255;
127,255,255;
125,255,255;
124,255,255;
123,253,255;
123,251,255;
123,250,255;
122,248,255;
122,246,255;
122,245,255;
121,243,255;
121,241,255;
120,240,255;
120,238,255;
120,236,255;
119,235,255;
119,233,255;
119,231,255;
118,230,255;
118,228,255;
118,226,255;
117,225,255;
117,223,255;
117,221,255;
116,220,254;
116,218,254;
116,216,254;
115,215,254;
115,213,254;
115,211,254;
114,210,254;
114,208,254;
114,206,254;
113,205,254;
113,203,254;
113,201,254;
112,200,254;
112,198,254;
112,196,254;
111,195,254;
111,193,254;
111,191,254;
110,190,254;
110,188,254;
110,187,254;
109,185,254;
109,183,254;
109,182,254;
108,180,254;
108,178,254;
108,177,254;
107,175,254;
107,173,254;
107,172,254;
106,170,254;
106,168,254;
106,167,254;
105,165,254;
105,163,254;
105,162,254;
104,160,254;
104,158,254;
104,157,254;
103,155,254;
103,153,254;
103,152,253;
102,150,253;
102,149,253;
101,148,254;
101,147,254;
100,147,254;
100,146,254;
100,145,254;
99,145,254;
99,144,254;
98,143,254;
98,143,254;
97,142,254;
97,141,254;
97,141,254;
96,140,254;
96,139,254;
95,139,254;
95,138,254;
94,137,254;
94,137,254;
93,136,254;
93,135,254;
93,135,254;
92,134,254;
92,133,254;
91,133,254;
91,132,254;
90,131,254;
90,131,254;
90,130,254;
89,129,255;
89,129,255;
88,128,255;
88,127,255;
87,127,255;
87,126,255;
87,125,255;
86,125,255;
86,124,255;
85,123,255;
85,123,255;
84,122,255;
84,121,255;
83,121,255;
83,120,255;
83,119,255;
82,119,255;
82,118,255;
81,117,255;
81,117,255;
80,116,255;
80,115,255;
80,115,255;
79,114,255;
79,113,255;
78,113,255;
78,112,255;
77,111,255;
77,111,255;
76,110,255;
76,109,255;
76,109,255;
75,108,255;
75,107,255;
74,107,255;
74,106,255;
74,105,255;
74,105,255;
73,104,255;
73,103,255;
73,102,255;
73,101,255;
73,101,255;
72,100,255;
72,99,255;
72,98,255;
72,98,255;
72,97,255;
71,96,255;
71,95,255;
71,94,255;
71,94,255;
71,93,255;
70,92,255;
70,91,255;
70,91,255;
70,90,255;
69,89,255;
69,88,255;
69,87,255;
69,87,255;
69,86,255;
68,85,255;
68,84,255;
68,84,255;
68,83,255;
68,82,255;
67,81,255;
67,80,255;
67,80,255;
67,79,255;
67,78,255;
66,77,255;
66,77,255;
66,76,255;
66,75,255;
66,74,255;
65,73,255;
65,73,255;
65,72,255;
65,71,255;
65,70,255;
64,70,255;
64,69,255;
64,68,255;
64,67,255;
64,66,255;
63,66,255;
63,65,255;
63,64,255;
63,63,255;
62,63,255;
62,62,255;
62,61,255;
62,60,255;
62,60,255;
61,59,255;
61,58,255;
61,57,255];